0 0 0
60 0 0
120 0 0
180 0 0
240 0 0
300 0 0
360 0 0
420 0 0
480 0 0
540 0 0
600 0 0
660 0 0
720 0 0
780 0 0
840 0 0
900 0 0
960 0 0
1020 0 0
1080 0 0
1140 0 0
1200 0 0
1260 0 0
1320 0 0
1380 0 0
1440 0 0
1500 0 0
1560 0 0
1620 0 0
1680 0 0
1740 0 0
1800 0 0
1860 0 0
1920 0 0
1980 0 0
2040 0 0
2100 0 0
2160 0 0
2220 0 0
2280 0 0
2340 0 0
2400 0 0
2460 0 0
2520 0 0
2580 0 0
2640 0 0
2700 0 0
2760 0 0
2820 0 0
2880 0 0
2940 0 0
3000 0 0
3060 0 0
3120 0 0
3180 0 0
3240 0 0
3300 0 0
3360 0 0
3420 0 0
3480 0 0
3540 0 0
3600 0 0
3660 0 0
3720 0 0
3780 0 0
3840 0 0
3900 0 0
3960 0 0
4020 0 0
4080 0 0
4140 0 0
4200 0 0
4260 0 0
4320 0 0
4380 0 0
4440 0 0
4500 0 0
4560 0 0
4620 0 0
4680 0 0
4740 0 0
4800 0 0
4860 0 0
4920 0 0
4980 0 0
5040 0 0
5100 0 0
5160 0 0
5220 0 0
5280 0 0
5340 0 0
5400 0 0
5460 0 0
5520 0 0
5580 0 0
5640 0 0
5700 0 0
5760 0 0
5820 0 0
5880 0 0
5940 0 0
6000 0 0
6060 0 0
6120 0 0
6180 0 0
6240 0 0
6300 0 0
6360 0 0
6420 0 0
6480 0 0
6540 0 0
6600 0 0
6660 0 0
6720 0 0
6780 0 0
6840 0 0
6900 0 0
6960 0 0
7020 0 0
7080 0 0
7140 0 0
7200 0 0
7260 0 0
7320 0 0
7380 0 0
7440 0 0
7500 0 0
7560 0 0
7620 0 0
7680 0 0
7740 0 0
7800 0 0
7860 0 0
7920 0 0
7980 0 0
8040 0 0
8100 0 0
8160 0 0
8220 0 0
8280 0 0
8340 0 0
8400 0 0
8460 0 0
8520 0 0
8580 0 0
8640 0 0
8700 0 0
8760 0 0
8820 0 0
8880 0 0
8940 0 0
9000 0 0
9060 0 0
9120 0 0
9180 0 0
9240 0 0
9300 0 0
9360 0 0
9420 0 0
9480 0 0
9540 0 0
9600 0 0
9660 0 0
9720 0 0
9780 0 0
9840 0 0
9900 0 0
9960 0 0
10020 0 0
10080 0 0
10140 0 0
10200 0 0
10260 0 0
10320 0 0
10380 0 0
10440 0 0
10500 0 0
10560 0 0
10620 0 0
10680 0 0
10740 0 0
10800 0 0
10860 0 0
10920 0 0
10980 0 0
11040 0 0
11100 0 0
11160 0 0
11220 0 0
11280 0 0
11340 0 0
11400 0 0
11460 0 0
11520 0 0
11580 0 0
11640 0 0
11700 0 0
11760 0 0
11820 0 0
11880 0 0
11940 0 0
12000 0 0
12060 0 0
12120 0 0
12180 0 0
12240 0 0
12300 0 0
12360 0 0
12420 0 0
12480 0 0
12540 0 0
12600 0 0
12660 0 0
12720 0 0
12780 0 0
12840 0 0
12900 0 0
12960 0 0
13020 0 0
13080 0 0
13140 0 0
13200 0 0
13260 0 0
13320 0 0
13380 0 0
13440 0 0
13500 0 0
13560 0 0
13620 0 0
13680 0 0
13740 0 0
13800 0 0
13860 0 0
13920 0 0
13980 0 0
14040 0 0
14100 0 0
14160 0 0
14220 0 0
14280 0 0
14340 0 0
14400 0 0
14460 0 0
14520 0 0
14580 0 0
14640 0 0
14700 0 0
14760 0 0
14820 0 0
14880 0 0
14940 0 0
15000 0 0
15060 0 0
15120 0 0
15180 0 0
15240 0 0
15300 0 0
15360 0 0
15420 0 0
15480 0 0
15540 0 0
15600 0 0
15660 0 0
15720 0 0
15780 0 0
15840 0 0
15900 0 0
15960 0 0
16020 0 0
16080 0 0
16140 0 0
16200 0 0
16260 0 0
16320 0 0
16380 0 0
16440 0 0
16500 0 0
16560 0 0
16620 0 0
16680 0 0
16740 0 0
16800 0 0
16860 0 0
16920 0 0
16980 0 0
17040 0 0
17100 0 0
17160 0 0
17220 0 0
17280 0 0
17340 0 0
17400 0 0
17460 0 0
17520 0 0
17580 0 0
17640 0 0
17700 0 0
17760 0 0
17820 0 0
17880 0 0
17940 0 0
18000 0 0
18060 0 0
18120 0 0
18180 0 0
18240 0 0
18300 0 0
18360 0 0
18420 0 0
18480 0 0
18540 0 0
18600 0 0
18660 0 0
18720 0 0
18780 0 0
18840 0 0
18900 0 0
18960 0 0
19020 0 0
19080 0 0
19140 0 0
19200 0 0
19260 0 0
19320 0 0
19380 0 0
19440 0 0
19500 0 0
19560 0 0
19620 0 0
19680 0 0
19740 0 0
19800 0 0
19860 0 0
19920 0 0
19980 0 0
20040 0 0
20100 0 0
20160 0 0
20220 0 0
20280 0 0
20340 0 0
20400 0 0
20460 0 0
20520 0 0
20580 0 0
20640 0 0
20700 0 0
20760 0 0
20820 0 0
20880 0 0
20940 0 0
21000 0 0
21060 0 0
21120 0 0
21180 0 0
21240 0 0
21300 0 0
21360 0 0
21420 0 0
21480 0 0
21540 0 0
21600 0 0
21660 0 0
21720 0 0
21780 0 0
21840 0 0
21900 0 0
21960 0 0
22020 0 0
22080 0 0
22140 0 0
22200 0 0
22260 0 0
22320 0 0
22380 0 0
22440 0 0
22500 0 0
22560 0 0
22620 0 0
22680 0 0
22740 0 0
22800 0 0
22860 0 0
22920 0 0
22980 0 0
23040 0 0
23100 0 0
23160 0 0
23220 0 0
23280 0 0
23340 0 0
23400 293 6
23460 344 8
23520 400 11
23580 459 16
23640 522 21
23700 586 28
23760 652 37
23820 716 48
23880 779 62
23940 837 79
24000 890 99
24060 935 123
24120 973 152
24180 1000 184
24240 1017 222
24300 1023 263
24360 1017 309
24420 1000 360
24480 973 413
24540 935 470
24600 890 528
24660 837 587
24720 779 645
24780 716 701
24840 652 753
24900 586 801
24960 522 842
25020 459 875
25080 400 900
25140 344 915
25200 293 920
25260 204 920
25320 204 920
25380 204 920
25440 204 920
25500 204 920
25560 204 920
25620 204 920
25680 204 920
25740 204 920
25800 204 920
25860 204 920
25920 204 920
25980 204 920
26040 204 920
26100 204 920
26160 204 920
26220 204 920
26280 204 920
26340 204 920
26400 204 920
26460 204 920
26520 204 920
26580 204 920
26640 204 920
26700 204 920
26760 204 920
26820 204 920
26880 204 920
26940 204 920
27000 204 920
27060 204 920
27120 204 920
27180 204 920
27240 204 920
27300 204 920
27360 204 920
27420 204 920
27480 204 920
27540 204 920
27600 204 920
27660 204 920
27720 204 920
27780 204 920
27840 204 920
27900 204 920
27960 204 920
28020 204 920
28080 204 920
28140 204 920
28200 204 920
28260 204 920
28320 204 920
28380 204 920
28440 204 920
28500 204 920
28560 204 920
28620 204 920
28680 204 920
28740 204 920
28800 204 920
28860 204 920
28920 204 920
28980 204 920
29040 204 920
29100 204 920
29160 204 920
29220 204 920
29280 204 920
29340 204 920
29400 204 920
29460 204 920
29520 204 920
29580 204 920
29640 204 920
29700 204 920
29760 204 920
29820 204 920
29880 204 920
29940 204 920
30000 204 920
30060 204 920
30120 204 920
30180 204 920
30240 204 920
30300 204 920
30360 204 920
30420 204 920
30480 204 920
30540 204 920
30600 204 920
30660 204 920
30720 204 920
30780 204 920
30840 204 920
30900 204 920
30960 204 920
31020 204 920
31080 204 920
31140 204 920
31200 204 920
31260 204 920
31320 204 920
31380 204 920
31440 204 920
31500 204 920
31560 204 920
31620 204 920
31680 204 920
31740 204 920
31800 204 920
31860 204 920
31920 204 920
31980 204 920
32040 204 920
32100 204 920
32160 204 920
32220 204 920
32280 204 920
32340 204 920
32400 204 920
32460 204 920
32520 204 920
32580 204 920
32640 204 920
32700 204 920
32760 204 920
32820 204 920
32880 204 920
32940 204 920
33000 204 920
33060 204 920
33120 204 920
33180 204 920
33240 204 920
33300 204 920
33360 204 920
33420 204 920
33480 204 920
33540 204 920
33600 204 920
33660 204 920
33720 204 920
33780 204 920
33840 204 920
33900 204 920
33960 204 920
34020 204 920
34080 204 920
34140 204 920
34200 204 920
34260 204 920
34320 204 920
34380 204 920
34440 204 920
34500 204 920
34560 204 920
34620 204 920
34680 204 920
34740 204 920
34800 204 920
34860 204 920
34920 204 920
34980 204 920
35040 204 920
35100 204 920
35160 204 920
35220 204 920
35280 204 920
35340 204 920
35400 204 920
35460 204 920
35520 204 920
35580 204 920
35640 204 920
35700 204 920
35760 204 920
35820 204 920
35880 204 920
35940 204 920
36000 204 920
36060 204 920
36120 204 920
36180 204 920
36240 204 920
36300 204 920
36360 204 920
36420 204 920
36480 204 920
36540 204 920
36600 204 920
36660 204 920
36720 204 920
36780 204 920
36840 204 920
36900 204 920
36960 204 920
37020 204 920
37080 204 920
37140 204 920
37200 204 920
37260 204 920
37320 204 920
37380 204 920
37440 204 920
37500 204 920
37560 204 920
37620 204 920
37680 204 920
37740 204 920
37800 204 920
37860 204 920
37920 204 920
37980 204 920
38040 204 920
38100 204 920
38160 204 920
38220 204 920
38280 204 920
38340 204 920
38400 204 920
38460 204 920
38520 204 920
38580 204 920
38640 204 920
38700 204 920
38760 204 920
38820 204 920
38880 204 920
38940 204 920
39000 204 920
39060 204 920
39120 204 920
39180 204 920
39240 204 920
39300 204 920
39360 204 920
39420 204 920
39480 204 920
39540 204 920
39600 204 920
39660 204 920
39720 204 920
39780 204 920
39840 204 920
39900 204 920
39960 204 920
40020 204 920
40080 204 920
40140 204 920
40200 204 920
40260 204 920
40320 204 920
40380 204 920
40440 204 920
40500 204 920
40560 204 920
40620 204 920
40680 204 920
40740 204 920
40800 204 920
40860 204 920
40920 204 920
40980 204 920
41040 204 920
41100 204 920
41160 204 920
41220 204 920
41280 204 920
41340 204 920
41400 204 920
41460 204 920
41520 204 920
41580 204 920
41640 204 920
41700 204 920
41760 204 920
41820 204 920
41880 204 920
41940 204 920
42000 204 920
42060 204 920
42120 204 920
42180 204 920
42240 204 920
42300 204 920
42360 204 920
42420 204 920
42480 204 920
42540 204 920
42600 204 920
42660 204 920
42720 204 920
42780 204 920
42840 204 920
42900 204 920
42960 204 920
43020 204 920
43080 204 920
43140 204 920
43200 204 920
43260 204 920
43320 204 920
43380 204 920
43440 204 920
43500 204 920
43560 204 920
43620 204 920
43680 204 920
43740 204 920
43800 204 920
43860 204 920
43920 204 920
43980 204 920
44040 204 920
44100 204 920
44160 204 920
44220 204 920
44280 204 920
44340 204 920
44400 204 920
44460 204 920
44520 204 920
44580 204 920
44640 204 920
44700 204 920
44760 204 920
44820 204 920
44880 204 920
44940 204 920
45000 204 920
45060 204 920
45120 204 920
45180 204 920
45240 204 920
45300 204 920
45360 204 920
45420 204 920
45480 204 920
45540 204 920
45600 204 920
45660 204 920
45720 204 920
45780 204 920
45840 204 920
45900 204 920
45960 204 920
46020 204 920
46080 204 920
46140 204 920
46200 204 920
46260 204 920
46320 204 920
46380 204 920
46440 204 920
46500 204 920
46560 204 920
46620 204 920
46680 204 920
46740 204 920
46800 204 920
46860 204 920
46920 204 920
46980 204 920
47040 204 920
47100 204 920
47160 204 920
47220 204 920
47280 204 920
47340 204 920
47400 204 920
47460 204 920
47520 204 920
47580 204 920
47640 204 920
47700 204 920
47760 204 920
47820 204 920
47880 204 920
47940 204 920
48000 204 920
48060 204 920
48120 204 920
48180 204 920
48240 204 920
48300 204 920
48360 204 920
48420 204 920
48480 204 920
48540 204 920
48600 204 920
48660 204 920
48720 204 920
48780 204 920
48840 204 920
48900 204 920
48960 204 920
49020 204 920
49080 204 920
49140 204 920
49200 204 920
49260 204 920
49320 204 920
49380 204 920
49440 204 920
49500 204 920
49560 204 920
49620 204 920
49680 204 920
49740 204 920
49800 204 920
49860 204 920
49920 204 920
49980 204 920
50040 204 920
50100 204 920
50160 204 920
50220 204 920
50280 204 920
50340 204 920
50400 204 920
50460 204 920
50520 204 920
50580 204 920
50640 204 920
50700 204 920
50760 204 920
50820 204 920
50880 204 920
50940 204 920
51000 204 920
51060 204 920
51120 204 920
51180 204 920
51240 204 920
51300 204 920
51360 204 920
51420 204 920
51480 204 920
51540 204 920
51600 204 920
51660 204 920
51720 204 920
51780 204 920
51840 204 920
51900 204 920
51960 204 920
52020 204 920
52080 204 920
52140 204 920
52200 204 920
52260 204 920
52320 204 920
52380 204 920
52440 204 920
52500 204 920
52560 204 920
52620 204 920
52680 204 920
52740 204 920
52800 204 920
52860 204 920
52920 204 920
52980 204 920
53040 204 920
53100 204 920
53160 204 920
53220 204 920
53280 204 920
53340 204 920
53400 204 920
53460 204 920
53520 204 920
53580 204 920
53640 204 920
53700 204 920
53760 204 920
53820 204 920
53880 204 920
53940 204 920
54000 204 920
54060 204 920
54120 204 920
54180 204 920
54240 204 920
54300 204 920
54360 204 920
54420 204 920
54480 204 920
54540 204 920
54600 204 920
54660 204 920
54720 204 920
54780 204 920
54840 204 920
54900 204 920
54960 204 920
55020 204 920
55080 204 920
55140 204 920
55200 204 920
55260 204 920
55320 204 920
55380 204 920
55440 204 920
55500 204 920
55560 204 920
55620 204 920
55680 204 920
55740 204 920
55800 204 920
55860 204 920
55920 204 920
55980 204 920
56040 204 920
56100 204 920
56160 204 920
56220 204 920
56280 204 920
56340 204 920
56400 204 920
56460 204 920
56520 204 920
56580 204 920
56640 204 920
56700 204 920
56760 204 920
56820 204 920
56880 204 920
56940 204 920
57000 204 920
57060 204 920
57120 204 920
57180 204 920
57240 204 920
57300 204 920
57360 204 920
57420 204 920
57480 204 920
57540 204 920
57600 204 920
57660 204 920
57720 204 920
57780 204 920
57840 204 920
57900 204 920
57960 204 920
58020 204 920
58080 204 920
58140 204 920
58200 204 920
58260 204 920
58320 204 920
58380 204 920
58440 204 920
58500 204 920
58560 204 920
58620 204 920
58680 204 920
58740 204 920
58800 204 920
58860 204 920
58920 204 920
58980 204 920
59040 204 920
59100 204 920
59160 204 920
59220 204 920
59280 204 920
59340 204 920
59400 204 920
59460 204 920
59520 204 920
59580 204 920
59640 204 920
59700 204 920
59760 204 920
59820 204 920
59880 204 920
59940 204 920
60000 204 920
60060 204 920
60120 204 920
60180 204 920
60240 204 920
60300 204 920
60360 204 920
60420 204 920
60480 204 920
60540 204 920
60600 204 920
60660 204 920
60720 204 920
60780 204 920
60840 204 920
60900 204 920
60960 204 920
61020 204 920
61080 204 920
61140 204 920
61200 204 920
61260 204 920
61320 204 920
61380 204 920
61440 204 920
61500 204 920
61560 204 920
61620 204 920
61680 204 920
61740 204 920
61800 204 920
61860 204 920
61920 204 920
61980 204 920
62040 204 920
62100 204 920
62160 204 920
62220 204 920
62280 204 920
62340 204 920
62400 204 920
62460 204 920
62520 204 920
62580 204 920
62640 204 920
62700 204 920
62760 204 920
62820 204 920
62880 204 920
62940 204 920
63000 204 920
63060 204 920
63120 204 920
63180 204 920
63240 204 920
63300 204 920
63360 204 920
63420 204 920
63480 204 920
63540 204 920
63600 204 920
63660 204 920
63720 204 920
63780 204 920
63840 204 920
63900 204 920
63960 204 920
64020 204 920
64080 204 920
64140 204 920
64200 204 920
64260 204 920
64320 204 920
64380 204 920
64440 204 920
64500 204 920
64560 204 920
64620 204 920
64680 204 920
64740 204 920
64800 204 920
64860 204 920
64920 204 920
64980 204 920
65040 204 920
65100 204 920
65160 204 920
65220 204 920
65280 204 920
65340 204 920
65400 204 920
65460 204 920
65520 204 920
65580 204 920
65640 204 920
65700 204 920
65760 204 920
65820 204 920
65880 204 920
65940 204 920
66000 204 920
66060 204 920
66120 204 920
66180 204 920
66240 204 920
66300 204 920
66360 204 920
66420 204 920
66480 204 920
66540 204 920
66600 204 920
66660 204 920
66720 204 920
66780 204 920
66840 204 920
66900 204 920
66960 204 920
67020 204 920
67080 204 920
67140 204 920
67200 204 920
67260 204 920
67320 204 920
67380 204 920
67440 204 920
67500 204 920
67560 204 920
67620 204 920
67680 204 920
67740 204 920
67800 204 920
67860 204 920
67920 204 920
67980 204 920
68040 204 920
68100 204 920
68160 204 920
68220 204 920
68280 204 920
68340 204 920
68400 204 920
68460 204 920
68520 204 920
68580 204 920
68640 204 920
68700 204 920
68760 204 920
68820 204 920
68880 204 920
68940 204 920
69000 204 920
69060 204 920
69120 204 920
69180 204 920
69240 204 920
69300 204 920
69360 204 920
69420 204 920
69480 204 920
69540 204 920
69600 204 920
69660 204 920
69720 204 920
69780 204 920
69840 204 920
69900 204 920
69960 204 920
70020 204 920
70080 204 920
70140 204 920
70200 204 920
70260 204 920
70320 204 920
70380 204 920
70440 204 920
70500 204 920
70560 204 920
70620 204 920
70680 204 920
70740 204 920
70800 204 920
70860 204 920
70920 204 920
70980 204 920
71040 204 920
71100 204 920
71160 204 920
71220 204 920
71280 204 920
71340 204 920
71400 204 920
71460 204 920
71520 204 920
71580 204 920
71640 204 920
71700 204 920
71760 204 920
71820 204 920
71880 204 920
71940 204 920
72000 204 920
72060 204 920
72120 204 920
72180 204 920
72240 204 920
72300 204 920
72360 204 920
72420 204 920
72480 204 920
72540 204 920
72600 204 920
72660 204 920
72720 204 920
72780 204 920
72840 204 920
72900 204 920
72960 204 920
73020 204 920
73080 204 920
73140 204 920
73200 204 920
73260 204 920
73320 204 920
73380 204 920
73440 204 920
73500 204 920
73560 204 920
73620 204 920
73680 204 920
73740 204 920
73800 204 920
73860 204 920
73920 204 920
73980 204 920
74040 204 920
74100 204 920
74160 204 920
74220 204 920
74280 204 920
74340 204 920
74400 204 920
74460 204 920
74520 204 920
74580 204 920
74640 204 920
74700 204 920
74760 204 920
74820 204 920
74880 204 920
74940 204 920
75000 204 920
75060 204 920
75120 204 920
75180 204 920
75240 204 920
75300 204 920
75360 204 920
75420 204 920
75480 204 920
75540 204 920
75600 204 920
75660 204 920
75720 204 920
75780 204 920
75840 204 920
75900 204 920
75960 204 920
76020 204 920
76080 204 920
76140 204 920
76200 204 920
76260 204 920
76320 204 920
76380 204 920
76440 204 920
76500 204 920
76560 204 920
76620 204 920
76680 204 920
76740 204 920
76800 204 920
76860 204 920
76920 204 920
76980 204 920
77040 204 920
77100 204 920
77160 204 920
77220 204 920
77280 204 920
77340 204 920
77400 204 920
77460 204 920
77520 204 920
77580 204 920
77640 204 920
77700 204 920
77760 204 920
77820 204 920
77880 204 920
77940 204 920
78000 204 920
78060 204 920
78120 204 920
78180 204 920
78240 204 920
78300 204 920
78360 204 920
78420 204 920
78480 204 920
78540 204 920
78600 204 920
78660 204 920
78720 204 920
78780 204 920
78840 204 920
78900 204 920
78960 204 920
79020 204 920
79080 204 920
79140 204 920
79200 204 920
79260 204 920
79320 204 920
79380 204 920
79440 204 920
79500 204 920
79560 204 920
79620 204 920
79680 204 920
79740 204 920
79800 204 920
79860 204 920
79920 204 920
79980 204 920
80040 204 920
80100 204 920
80160 204 920
80220 204 920
80280 204 920
80340 204 920
80400 204 920
80460 204 920
80520 204 920
80580 204 920
80640 204 920
80700 204 920
80760 204 920
80820 204 920
80880 204 920
80940 204 920
81000 293 920
81060 344 915
81120 400 900
81180 459 875
81240 522 842
81300 586 801
81360 652 753
81420 716 701
81480 779 645
81540 837 587
81600 890 528
81660 935 470
81720 973 413
81780 1000 360
81840 1017 309
81900 1023 263
81960 1017 222
82020 1000 184
82080 973 152
82140 935 123
82200 890 99
82260 837 79
82320 779 62
82380 716 48
82440 652 37
82500 586 28
82560 522 21
82620 459 16
82680 400 11
82740 344 8
82800 293 6
82860 0 0
82920 0 0
82980 0 0
83040 0 0
83100 0 0
83160 0 0
83220 0 0
83280 0 0
83340 0 0
83400 0 0
83460 0 0
83520 0 0
83580 0 0
83640 0 0
83700 0 0
83760 0 0
83820 0 0
83880 0 0
83940 0 0
84000 0 0
84060 0 0
84120 0 0
84180 0 0
84240 0 0
84300 0 0
84360 0 0
84420 0 0
84480 0 0
84540 0 0
84600 0 0
84660 0 0
84720 0 0
84780 0 0
84840 0 0
84900 0 0
84960 0 0
85020 0 0
85080 0 0
85140 0 0
85200 0 0
85260 0 0
85320 0 0
85380 0 0
85440 0 0
85500 0 0
85560 0 0
85620 0 0
85680 0 0
85740 0 0
85800 0 0
85860 0 0
85920 0 0
85980 0 0
86040 0 0
86100 0 0
86160 0 0
86220 0 0
86280 0 0
86340 0 0